2795
2849
2843
2829
2844
2858
2850
2790
2764
2692
2713
2736
2746
2801
2828
2828
2838
2839
2839
2802
2806
2806
2812
2696
2672
2766
2731
2731
2722
2749
2783
2725
2721
2827
2864
2864
2806
2805
2782
2705
2652
2652
2726
2756
2814
2794
2822
2817
2864
2881
2908
2883
2757
2782
2726
2782
2814
2857
2821
2786
2753
2823
2811
2805
2846
2786
2815
2863
2863
2868
2867
2855
2855
2838
2883
2879
2931
2908
2906
2917
2827
2810
2829
2829
2796
2788
2824
2730
2763
2808
2730
2721
2737
2781
2784
2829
2723
2733
2659
2707
2694
2750
2804
2820
2813
2706
2738
2728
2900
2913
2865
2818
2860
2834
2846
2854
2877
2877
2897
2828
2816
2849
2797
2858
2854
2854
2866
2759
2778
2782
2765
2862
2872
2844
2888
2893
2868
2725
2750
2743
2688
2705
2702
2732
2667
2677
2632
2657
2675
2658
2621
2668
2634
2707
2724
2724
2795
2814
2864
2883
2957
2901
2961
2961
3085
3089
3043
3039
3049
3049
2988
2825
2608
2571
2567
2542
2665
2699
2702
2679
2666
2731
2757
2714
2722
2768
2788
2787
2868
2929
2799
2761
2821
2741
2775
2735
2711
2657
2657
2781
2781
2860
2945
2889
2915
2815
2722
2774
2782
2792
2870
2850
2773
2762
2749
2837
2871
2863
2819
2946
2832
2814
2858
2870
2842
2842
2842
2880
2869
2819
2870
2910
2871
2861
2891
2759
2710
2764
2817
2800
2798
2745
2709
2745
2745
2745
2784
2741
2709
2739
2711
2788
2677
2676
2678
2829
2795
2782
2719
2683
2778
2757
2773
2773
2797
2767
2738
2788
2788
2764
2719
2766
2769
2802
2796
2825
2819
2770
2812
2773
2764
2764
2671
2671
2749
2845
2854
2776
2793
2737
2673
2673
2731
2761
2827
2827
2782
2807
2788
2780
2739
2743
2737
2737
2745
2636
2622
2603
2605
2612
2612
2603
2678
2689
2655
2728
2779
2743
2689
2666
2681
2683
2683
2735
2726
2720
2712
2712
2686
2621
2624
2583
2625
2625
2625
2625
2615
2617
2620
2642
2667
2667
2653
2668
2679
2679
2679
2609
2648
2648
2687
2687
2687
2724
2724
2676
2676
2676
2664
2710
2733
2733
2751
2672
2672
2697
2704
2698
2718
2727
2727
2734
2673
2659
2639
2649
2647
2674
2638
2638
2610
2604
2604
2558
2563
2563
2616
2608
2601
2601
2601
2614
2614
2677
2672
2672
2609
2609
2581
2567
2578
2578
2650
2650
2650
2675
2677
2677
2677
2657
2625
2625
2612
2619
2619
2619
2619
2609
2609
2609
2622
2622
2636
2636
2636
2636
2592
2592
2592
2587
2585
2585
2585
2589
2582
2582
2582
2582
2582
2612
2612
2612
2570
2573
2597
2597
2597
2597
2597
2597
2621
2579
2579
2579
2579
2600
2581
2581
2570
2570
2594
2594
2589
2589
2589
2547
2543
2543
2543
2543
2543
2543
2543
2543
2543
2559
2559
2559
2535
2535
2535
2535
2566
2566
2566
2556
2556
2556
2556
2556
2556
2522
2522
2522
2522
2522
2522
2522
2522
2522
2522
2522
2522
2522
2501
2501
2501
2501
2501
2501
2501
2501
2501
2501
2501
2506
2506
2502
2502
2502
2502
2499
2499
2499
2499
2499
2499
2499
2499
2499
2499
2499
2499
2498
2498
2498
2498
2498
2498
2480
2480
2480
2459
2459
2459
2459
2459
2459
2459
2459
2459
2459
2459
2459
2459
2459
2459
2459
2459
2459
2459
2459
2459
2459
2459
2459
2459
2459
2459
2459
2459
2459
2459
2459
2459
2459
2459
2459
2459
2459
2459
2459
2459
2459
2459
2459
2459
2459
2459
2459
2459
2459
2459
2459
2459
2459
2459
2459
2459
2459
2459
2459
2459
2459
2459
2459
2459
2459
2463
2463
2463
2463
2463
2463
2463
2441
2441
2441
2441
2441
2441
2441
2441
2441
2441
2441
2441
2441
2441
2441
2441
2441
2441
2441
2441
2441
2441
2441
2441
2441
2441
2441
2441
2441
2441
2441
2441
2441
2441
2441
2441
2441
2441
2441
2441
2441
2441
2441
2441
2441
2441
2441
